0.05893212
0.32860246
-0.08345520
-0.11869655
0.10522489
0.00264081
-0.10138693
0.12323583
-0.15612964
0.32011557
0.23779787
0.08977087
0.33167356
0.06756967
0.13165277
-0.00458257
0.33699590
-0.01412341
-0.11923730
0.32330817
0.12098166
-0.04588946
0.07863258
0.09292185
0.30249748
0.01138659
0.31928971
0.06177661
0.00573150
0.13416663
-0.05676056
0.27110183
0.30746236
0.14462014
0.15234162
-0.03747890
-0.01435675
0.18861263
0.33962610
0.29646006
-0.08146808
0.30357578
0.35349193
-0.00281523
0.32199371
0.25420743
0.32666224
0.46167809
0.47951841
0.17658076
0.47022781
0.14368632
0.23640925
0.43285897
0.12737802
0.02610313
0.20036758
0.13171193
0.21055230
0.16049406
0.02447974
0.08077460
0.12305879
0.21291298
-0.02645985
0.32404172
0.01703882
0.13900433
0.31206879
-0.04431495
0.09785993
0.07540113
-0.12948178
0.26215839
0.16565238
0.05968433
-0.10946397
-0.10848138
0.15821099
0.08457310
-0.15485428
-0.01994752
0.10903482
-0.01362729
0.07553259
0.29570678
0.34039646
0.07532934
0.23265079
0.45519555
0.39362383
0.04465448
0.13720675
0.19248682
0.47893706
0.39277735
0.15974677
0.21978483
0.28574276
0.00358956
0.15630269
0.09341630
0.10602340
-0.07897273
-0.15756093
0.20148121
-0.12304395
0.16114725
0.00160609
-0.03076446
-0.06696559
-0.13176283
-0.05804080
0.23652251
-0.08906490
-0.05600731
-0.08507951
-0.01319282
0.07401472
-0.04550338
0.31508631
0.07149644
0.12943922
-0.01632397
0.01165167
0.22573991
0.11346073
0.25573537
0.38191372
0.43878099
0.18629415
0.12570737
0.41345507
0.36214367
0.36387822
0.48827997
0.01747726
0.31471723
0.38597333
0.30379701
0.13975696
0.20154421
0.05901860
0.39182329
0.33928746
0.19783643
0.06161729
0.43834826
0.04859077
0.33985040
0.36057281
0.34960112
0.28045475
0.45677519
0.10270139
0.14018290
0.31017593
-0.08168996
-0.11131722
0.09986750
0.36638698
0.16579634
-0.04730948
0.12944688
-0.10670353
0.14622068
0.33622384
0.23955625
-0.07109190
0.17639306
0.30576479
-0.05131951
0.12327534
0.26753494
0.37196118
0.01943991
0.20515232
0.01525275
0.14523022
0.38969898
-0.07182458
0.27257258
0.31476378
0.20183398
0.35780513
0.00271933
-0.01031365
0.05360657
0.07742340
0.23196205
0.09112234
0.41473874
-0.06283025
-0.01470537
0.31384414
0.09243733
0.31559545
0.05162601
0.27353001
0.25237465
-0.00498294
0.45261174
0.34873730
0.26823893
0.06372084
0.13275884
0.22032969
0.37270522
0.34865862
-0.01817036
0.21348955
-0.15405014
0.01546605
0.18266696
0.21533164
-0.10206027
0.09979168
0.25407517
0.02535379
0.11536296
0.07172663
-0.23768052
-0.19643258
0.15054324
-0.34079430
-0.37505704
-0.06482285
0.38760722
-0.18577524
-0.11293495
0.32473052
0.22630583
-0.43682688
-0.26199958
-0.11476193
-0.27360612
0.37837994
-0.16967253
-0.09353539
-0.42125896
-0.25671768
-0.34376520
0.31348848
-0.15030022
-0.34255439
0.00299566
-0.14945550
-0.21486717
-0.30502027
0.41515386
-0.18767191
-0.09857538
0.29251420
0.17312059
0.02794283
-0.08503103
-0.06569743
-0.12957607
-0.32878155
-0.42964751
-0.40927374
0.10157367
-0.34803680
-0.26961526
-0.11548117
-0.32928258
-0.07280317
-0.02373841
-0.14166093
-0.01495521
-0.27339447
-0.26629946
-0.27982500
-0.37755775
-0.08167823
0.07009786
-0.10895354
0.03216227
0.07023192
0.10479014
-0.39984524
-0.35066810
-0.44949600
0.12121302
0.11222474
-0.03167692
-0.43819600
0.05828625
-0.41513300
-0.27002287
-0.22471088
0.13066752
-0.03606963
0.07692125
-0.04056624
-0.14841358
0.28534707
0.21235885
0.37758145
-0.24290955
-0.10360620
-0.44218263
-0.34291521
-0.41832033
-0.18992005
-0.23381795
-0.21229513
-0.13225783
-0.37211096
-0.19638832
-0.08512823
-0.18014809
0.09862246
-0.02564206
0.05489818
0.09199734
0.00093568
0.13756607
0.13381733
0.21742754
0.34555411
0.05112084
-0.07613107
0.03990061
-0.24835858
-0.45667270
-0.24858452
-0.37316078
0.42160133
-0.51862544
-0.04713928
-0.10774496
-0.00375625
-0.43870804
-0.03098044
0.08149476
-0.41521338
-0.43378133
-0.08724788
0.12110270
-0.19154046
-0.01229770
-0.15117215
-0.21743834
-0.09038853
-0.15977636
-0.15091106
-0.13766928
0.04568381
-0.01592354
0.17930646
0.37853545
0.16015288
-0.04134836
-0.37049842
-0.26956633
-0.31616151
-0.12310714
-0.43904567
-0.48074183
-0.45664221
0.18431933
0.36054483
-0.43305358
-0.03083832
-0.30276096
-0.44073620
-0.23792617
-0.46321905
0.01012225
0.13210733
-0.25452605
0.37027386
0.20445463
0.35189834
0.09758244
-0.05694024
0.04705086
0.14011946
-0.38168502
-0.26984605
0.01985275
-0.24434741
-0.33635098
-0.26996982
-0.18247075
-0.02654187
-0.15719372
-0.21222918
-0.23904185
0.37775019
0.25306511
-0.31721261
-0.39511266
-0.11936142
0.02832047
-0.06532209
0.05973538
-0.38501453
-0.04054300
-0.14873160
0.10698440
-0.26955950
-0.20157412
0.06590601
0.34758401
0.05155621
0.09115472
-0.24246925
0.25654534
-0.05146144
-0.05714159
0.04499892
-0.16686349
0.17559764
-0.23533729
-0.08342295
0.27491978
-0.05407915
-0.35809332
0.14770716
0.35709277
0.11478931
0.12295575
-0.14218251
0.12353945
-0.04299768
-0.38134113
-0.32616478
0.22826853
0.06578113
-0.08860701
-0.16940013
-0.08779034
-0.07097395
-0.16328624
0.03014123
0.08043483
0.25590903
-0.11012404
0.04890019
0.13821408
-0.21495675
0.19876061
-0.26106334
-0.20312610
-0.24285452
0.02576762
0.22739069
0.33250129
0.15919280
0.08876507
0.37579820
0.35885635
0.02204943
0.07377672
0.29744196
0.40135837
0.29562688
0.27824908
0.00790206
0.33043873
0.38824919
0.46946985
0.48671278
0.18760069
0.06638512
0.36480653
0.40027219
0.20730864
0.21467097
0.06775064
0.25188288
0.05586415
0.25014624
0.24879131
0.04566182
0.12725876
0.35580081
0.12051659
0.36922202
0.12522863
0.31605369
0.41512111
0.18199040
-0.00877474
0.40167606
0.37691882
0.15710203
0.43502879
0.35245797
0.18104239
0.25333691
-0.00545771
0.35515821
0.20853165
0.33361489
0.27949306
-0.10598149
0.27151319
0.35393858
0.34139916
-0.07441206
0.37936011
0.15896128
0.24306074
0.29494825
0.04274717
0.03863648
0.02454206
0.44402745
0.01449949
0.12857278
0.08812021
0.27290097
-0.01685881
0.21569748
-0.00661947
-0.34986418
-0.22042294
-0.11867687
-0.15044300
-0.06223836
-0.26970959
-0.39820406
-0.37895259
-0.33658236
-0.35574573
-0.25803113
-0.22149500
-0.16558605
-0.39243501
-0.46000576
-0.47302946
-0.14321010
-0.31651115
-0.02466446
-0.04592759
-0.15807241
-0.25276521
-0.21156743
-0.04201256
-0.08091413
-0.16263941
-0.01988426
-0.26249567
0.54588294
0.10220014
0.49627814
0.23171805
0.14542904
0.52574211
0.08933263
0.26323324
0.43579918
0.32189310
0.10611777
0.25559843
0.39039242
0.14265835
-0.40614924
-0.38312775
-0.18026394
-0.05659034
-0.13140537
-0.33092493
-0.20693351
-0.15469384
-0.37006506
-0.07600971
-0.31892011
-0.37662005
-0.41865346
-0.06100549
0.12833044
0.10042020
0.11286685
0.28666028
0.36153245
0.30682126
0.27117684
0.19875760
0.21354181
0.45174944
0.47545609
0.15097100
0.04729309
0.40858904
0.14123534
0.23765065
0.42832848
0.28747478
0.34540990
0.08546277
0.10144649
0.34649217
-0.01071674
0.27227631
0.12226930
0.21793178
0.46631491
0.06318004
-0.14632031
-0.36345190
-0.10147449
-0.26888704
-0.43846461
-0.24118285
-0.37668490
-0.28140965
-0.39937714
-0.22783627
-0.15715149
-0.31596240
-0.00659818
-0.09576435
0.33856526
0.36270750
0.09582566
0.00210339
0.13220656
0.37794143
0.33725366
0.26325613
0.23954904
0.21381988
0.19357154
0.23875657
0.38590881
0.02920197
-0.12335832
-0.16291767
-0.26058128
-0.04772851
-0.18186586
-0.41519147
-0.18698487
-0.33353963
-0.02558247
-0.33613396
-0.12494884
-0.14557157
-0.39706549
-0.34064078
0.02634055
0.04961657
0.15341598
0.07799464
0.26512849
0.37602291
0.24663423
0.47021672
0.46882904
0.30008587
0.23413171
0.36888680
0.36085495
0.27880695
-0.18406905
-0.19683146
-0.21019877
-0.48524985
-0.08309439
-0.34851918
-0.32319713
-0.51865834
-0.05512794
-0.35928005
-0.19674198
-0.31918254
-0.46496740
-0.25626326
0.07463729
0.02905973
0.23763759
0.20915602
0.14804752
-0.53519350
-0.34482142
0.19830008
-0.00773709
0.14168045
0.33355004
-0.26148435
0.39412588
-0.02381447
0.27466545
-0.10547815
0.10061349
0.15969582
0.21525195
0.11567026
0.37168643
-0.31252420
-0.10394944
0.21350057
-0.04514679
0.19081290
-0.07032996
-0.07524001
0.38535351
-0.30134439
0.34575167
-0.27781567
0.30688992
0.10135252
0.45151597
0.33884665
-0.00610015
-0.12449364
-0.34349409
-0.11945191
-0.41817755
0.22456907
0.35910767
-0.14470477
0.04267929
-0.08717076
0.09182093
0.12104520
-0.03288059
0.18972757
0.33537802
0.07342415
0.38548726
-0.15019634
-0.31799063
0.05350780
-0.24969800
0.42390195
0.32758009
-0.01755026
-0.09221211
-0.26063710
0.22944330
-0.32944989
0.32151777
0.09564876
-0.02471131
0.04170032
0.34590048
-0.08020114
-0.18143561
0.47801459
-0.00675616
0.20006743
0.43650153
-0.42954826
0.12836812
-0.43392700
0.06469622
-0.08147270
0.15161569
0.06903037
0.00138606
0.19615041
0.16062143
-0.48527533
-0.14662926
0.32032922
-0.44002983
0.00536927
0.05763362
-0.31288013
0.45199558
0.00732413
-0.03106740
-0.47673157
-0.10846920
0.20589018
0.38778669
0.20479682
0.06432528
0.02801229
-0.27979347
0.23024625
0.02480290
0.45675269
0.49014953
-0.36951253
0.35564873
-0.49761656
0.07832944
-0.04849206
0.15334897
-0.05257658
0.18100855
-0.03046856
0.38676539
-0.29273513
-0.28006455
0.17937107
-0.32334945
0.10902973
0.05806673
-0.14117408
0.06908654
0.00298439
0.22717841
-0.40745956
0.21363869
0.09890459
0.31831306
0.26160362
0.44747868
-0.08734198
-0.36622939
0.27901474
-0.29261410
0.19630468
-0.05532402
-0.49658537
0.17208585
-0.04016861
-0.09256998
-0.32315996
-0.00652111
0.24243975
0.05557915
0.10950043
0.11402848
0.01287585
0.04875560
0.37956515
-0.25317848
0.51936531
0.09273026
-0.30078629
-0.05827450
-0.29696611
0.33950043
-0.11078122
-0.08965884
0.24243401
0.24223752
0.42424482
0.05108619
-0.17854586
0.06068042
0.32668954
-0.29021046
0.49429807
0.19622739
-0.25143576
0.19309388
-0.00788103
0.11102481
-0.22124472
0.22721347
0.33632231
0.19320969
0.20840813
0.11568273
-0.37728870
-0.46644694
0.24012633
-0.32327268
-0.02345518
-0.07118588
-0.45501578
0.05571696
-0.13543358
0.33618480
-0.40002221
0.18506336
0.37779826
0.31226531
-0.03056715
0.30919996
-0.14440747
-0.24445502
0.07031960
0.03369648
0.41562662
-0.01681493
-0.29385117
0.07625075
-0.08111417
0.05858157
-0.14204137
0.25873074
0.39881170
-0.03704735
0.19446908
0.11623936
-0.12638517
-0.46279100
0.14659837
0.03079815
0.12045515
0.00959484
-0.40567452
0.05808007
-0.30458862
-0.02521938
-0.37153018
0.15289266
0.02082097
0.19583395
0.41289032
-0.05717400
-0.33915234
-0.44185066
0.10027000
-0.01706533
0.03236141
0.41982979
-0.10874519
0.21886778
-0.36051503
0.08365359
-0.21838027
0.43685490
0.28262720
0.26806578
-0.00576040
0.24080609
-0.29930508
-0.22725070
0.12622362
-0.05389200
-0.08526493
0.19828509
0.05312273
0.27602702
-0.09989050
0.01095301
-0.13124098
0.20611401
-0.32426581
0.15829051
0.17772119
-0.28759027
0.01736445
-0.24932961
-0.26821610
0.08938369
-0.10409252
-0.03335943
0.13404861
-0.03159950
0.17782682
-0.20305473
0.31395945
0.22797969
0.11299559
-0.29190594
0.10383490
-0.03601648
-0.27145731
-0.41853178
0.07196155
-0.20127985
-0.22334965
-0.22005117
0.08645335
0.28006834
0.21404213
-0.10522988
0.21014491
0.34620148
-0.41017750
0.29677206
0.23335931
-0.22788495
-0.36606169
0.33838692
0.04528375
-0.02887734
0.20745625
-0.14096865
-0.14671220
-0.18108994
0.20662273
0.04639246
-0.04391793
-0.14844973
-0.31555572
-0.32168120
-0.19945292
-0.02520002
0.20081092
0.17596453
0.04928824
0.38501331
-0.22342153
-0.36699712
0.05816104
-0.22770461
-0.02344053
-0.21019520
0.02969373
0.26483664
-0.35937536
-0.05298855
-0.28178653
0.09484731
-0.13093938
-0.12400076
0.01241327
-0.17514513
-0.16942351
-0.34505174
-0.01233777
0.18011953
0.24121271
-0.27317977
-0.01758463
-0.16043797
-0.02560544
-0.27906111
0.01162606
-0.09379768
-0.35085624
0.05389167
-0.26446551
0.30984637
-0.04680102
-0.15185729
0.34488243
0.19192080
0.32828462
0.13511431
0.30641028
0.06778307
-0.15293768
-0.09094998
0.03486866
0.01329891
0.04655877
0.19893268
0.25420314
-0.23165587
-0.08109802
-0.10218861
0.19679569
-0.21749727
0.02639758
-0.33715704
0.27624273
-0.02879397
-0.47986910
-0.20604251
-0.05144944
0.05722984
0.21868861
-0.04379758
0.22543527
-0.12305894
-0.14033069
-0.38897756
0.32020566
0.26459110
0.00426008
-0.32285276
0.39711773
-0.19917016
-0.17306553
-0.20703962
-0.39202729
-0.18710379
-0.14166254
0.38734365
-0.06087318
0.00437354
-0.43949822
0.03981296
0.23873733
0.21051836
0.18026572
-0.19758183
0.26534453
0.37189186
0.06006926
0.04098627
0.27004296
-0.22437784
-0.14757699
0.17011932
-0.28243458
0.44104576
0.31919017
-0.09160669
-0.39819232
-0.37581408
0.16158767
-0.07860288
-0.11200871
-0.27637035
0.14018290
0.26893014
-0.11896114
-0.13743475
0.00964297
0.39285216
-0.00921525
-0.09088023
-0.22159664
-0.01190306
-0.07522924
-0.12634982
-0.28400561
-0.04795846
-0.20159116
0.08159576
-0.03888132
-0.42618093
0.07624886
0.14232978
0.03033412
-0.16581374
-0.26656264
0.01472114
-0.28089610
-0.31441268
0.06811152
0.22173493
0.12626894
-0.36300471
0.05919305
-0.23400113
-0.27145201
-0.27598903
-0.13372695
-0.39918038
-0.08684142
0.01062646
-0.27394354
-0.08251308
-0.28800836
-0.08311422
0.30396473
0.31971014
0.20612155
-0.03801876
0.36905563
-0.06257593
0.05290813
0.20427474
-0.10847872
-0.10536715
0.13878781
0.22212766
-0.00469194
0.35129762
0.14752401
-0.21256584
0.05557329
-0.19373167
-0.03809204
-0.13063635
-0.03659610
-0.29441667
-0.27200875
0.07034625
-0.21642444
-0.09354156
0.13416718
0.03668039
0.03607092
0.25299409
0.26450574
0.04728320
-0.10057843
-0.06328218
-0.01946260
-0.13599588
-0.13292728
-0.15929443
0.04813538
-0.05925447
-0.21813677
-0.04015763
0.11566187
-0.00959536
-0.08309149
0.04752706
-0.03416419
-0.03884884
-0.01041136
-0.21207297
-0.13215904
0.02291547
-0.12927893
-0.12799603
0.24331783
0.39780569
0.09311767
0.19509502
-0.23122291
-0.27104852
0.53331470
-0.38114780
0.26409990
0.31882349
-0.01377306
0.04012068
-0.19242705
0.45461637
-0.28956926
0.29922065
0.13169245
0.38506663
0.11688318
-0.09020938
-0.18961358
-0.31647551
0.03270832
-0.19400530
0.15302268
0.41768742
-0.24193966
0.21430485
-0.27027389
0.14848571
-0.18360725
0.19776015
0.09849443
0.20716333
0.10585030
0.29577535
-0.09057403
-0.23702691
0.18487178
-0.24302118
0.36194324
0.22442107
-0.47300541
0.44527397
-0.10699831
0.27039510
-0.36965120
0.04092629
0.32708603
0.05532490
0.02074240
0.43420959
-0.41233426
-0.31909996
0.19035392
-0.45574901
0.16206762
0.08326580
-0.49808955
0.31463441
-0.36790136
0.09702002
-0.15091866
-0.14906110
0.41777107
0.11764230
0.31111032
0.11526211
-0.32731357
-0.32514340
0.50272918
-0.24528931
0.13303450
0.51725912
-0.42491069
-0.03044100
-0.34019834
0.46187240
-0.06075828
-0.30168754
-0.23529834
-0.05345749
-0.52129477
-0.16833492
0.19347283
0.41242340
-0.10536140
0.24626270
-0.37047729
-0.38710350
0.01149856
-0.19939758
0.27680019
-0.12023164
0.38530380
-0.11417069
-0.49888903
-0.20739384
-0.15736851
0.12929867
0.12954868
0.37390488
-0.26476949
0.29447064
-0.43444631
-0.32507724
-0.00649617
-0.01844234
0.14826651
-0.48954889
0.18022619
0.00228892
0.49252471
0.23271692
0.11987067
0.13474555
-0.24387212
-0.15914869
0.35080606
-0.22749239
0.46122813
0.08188881
-0.20708074
0.39845219
-0.10001669
0.16163103
-0.35643381
-0.41771412
-0.42649198
-0.27168849
-0.37243196
-0.13848509
0.11139413
0.20574963
-0.15771963
0.41666791
-0.09574346
-0.24173559
0.25401253
-0.15866238
0.12462931
-0.23016734
0.31014845
0.08225206
0.17916574
0.17986026
0.47388032
-0.16994569
0.04251043
-0.08949634
0.06346094
-0.43316469
0.19177325
0.50088108
-0.16489820
0.01699181
-0.46170446
0.31841916
0.00779397
-0.21116088
0.45422003
0.04937785
0.48862401
0.13194232
0.06777402
-0.01137605
0.30711833
-0.34584701
0.39841720
0.02607984
-0.25269449
0.07645798
-0.13100474
0.20722370
-0.34819123
-0.24760367
-0.34681115
-0.30020547
-0.14059706
0.18027170
0.32609242
0.06311207
-0.34304991
-0.01750450
-0.38828701
-0.20443393
0.29760712
-0.40518981
0.28633839
-0.32065842
0.16620989
0.40182611
0.19382499
0.36121386
0.30756366
0.26798031
0.01306135
-0.36020619
0.16768254
-0.08560126
0.17076847
0.17345512
-0.21777907
0.32132611
-0.14328614
0.37112245
-0.40510386
-0.13077174
-0.46360779
-0.19320656
-0.27419886
-0.19034100
-0.14645809
0.34399608
-0.34737164
0.18227573
-0.09562934
-0.20440269
0.31289122
-0.21264483
0.23869179
-0.34765357
0.14790808
-0.18697819
0.19692941
0.19279696
0.08747452
0.31334722
-0.02829802
-0.19291472
0.24593666
-0.26478955
0.09980409
0.20152751
-0.30152678
0.34381062
-0.18512796
0.21577521
-0.33878994
-0.09696342
-0.15045378
-0.52891511
-0.14083341
-0.12075955
0.23281501
-0.02100173
-0.15613599
0.07315080
-0.29235661
-0.24288194
0.01023872
-0.25583711
0.49089384
-0.13007173
0.34191138
0.29174784
0.31246296
0.07197087
0.10027605
0.40535620
0.31481579
0.28796214
0.23922956
-0.15786764
0.85143030
0.59261143
0.44371432
0.54698205
0.46621329
0.37732071
0.27962843
-0.66539675
-0.30857739
-0.46604648
-0.17498450
-0.25333184
-0.30097368
0.00290533
-0.18583725
-0.57261842
0.34416705
0.15632661
-0.69013083
-0.53040713
-0.09394062
-0.05019497
0.20125505
0.23572278
0.67742658
0.26625291
0.09107254
0.33926642
-0.11018127
-0.39480007
0.78772724
-0.60670161
0.49933752
0.71989024
-0.13231307
0.35497278
-0.52261114
0.55150020
-0.30191308
1.06740403
1.12110949
1.07078671
1.01823330
1.08380461
-1.05957770
-1.09634304
1.12060416
-1.02349305
1.29616451
1.12848091
-1.17156792
1.05762994
-1.10753429
1.22852004
-1.26021695
1.11209512
