0.19614781
0.21472019
0.04839819
0.03426167
0.35087934
0.15045650
0.43740544
0.03514222
0.32722041
0.46355000
0.16423632
0.47713861
0.40127459
0.08408546
0.09260625
0.15768319
-0.07439975
0.14629859
-0.12960052
0.29242501
0.20774709
-0.06648548
0.05667593
-0.14102679
0.28826398
0.31885344
0.27815610
0.34403875
0.23105650
0.06881499
0.13793750
0.24532096
0.45694518
0.06122593
0.17236942
0.47615370
0.02991131
0.31309173
0.01040100
0.25167128
0.04922286
0.43670243
0.23250219
0.23088297
-0.05040038
0.15984926
0.11038229
0.08525249
0.25931165
-0.03130651
0.01554372
0.25618592
0.27995312
0.24449015
0.41206789
-0.05373644
0.43657872
0.32882917
0.30500230
0.08886341
0.16227348
0.03722483
0.20991784
0.25182375
0.35695985
0.42270136
0.23426884
0.44289646
0.12796895
0.30324873
0.21018630
0.12836257
0.01274880
0.19365805
0.18796240
0.32269338
0.22355959
0.00850428
0.12143937
0.30808544
0.40833467
0.05669625
0.20073767
0.09191949
0.16302922
0.03097129
0.45268831
0.38491029
0.31959888
0.09365113
0.10594101
0.13209786
0.36675984
0.03010696
0.37613794
0.29322016
-0.01819322
0.04408219
0.01077303
0.09585655
0.05104540
0.40308765
-0.04055513
0.43979949
0.10783713
0.36546135
0.24307264
0.32105654
0.12152962
0.22056599
0.22418027
-0.03390705
0.10692988
0.38556993
0.44492066
0.11005433
0.04801010
0.36829141
-0.02627401
-0.01545539
0.00960411
0.12449667
0.30242741
0.20116082
0.10268157
0.06556076
0.10163936
0.15772477
0.00450551
0.32062620
0.19011974
0.14943486
0.41052091
0.35197213
0.26449624
0.25255045
0.13330285
0.09517197
0.12051889
0.44112867
0.30006135
0.18013676
-0.04119868
0.08554557
0.02276193
0.18293893
0.16832973
0.06761847
-0.05244544
0.27811962
-0.04529611
0.06509285
0.11899381
0.21365893
0.14998598
0.16324228
0.26212177
0.29952976
0.38756573
0.45634201
0.42400244
0.04631508
0.17152138
0.08766001
0.02994196
0.11382670
0.09907380
0.20147391
0.27358016
0.21049866
0.44141686
0.06882492
0.08707016
0.42113855
0.00372772
0.06366694
0.01732539
0.16549712
-0.04156650
0.14268197
0.44695190
0.23403284
0.43252626
0.01894498
0.09314284
0.13290052
0.24425524
0.28292906
0.09671415
0.02561257
-0.01150369
0.24885814
0.12002831
0.38051561
0.00517830
0.28641498
-0.13979815
0.09174533
0.34179088
0.08584451
0.01845528
0.30237162
-0.06941191
0.06760734
0.00482447
0.22060299
0.15267429
-0.07078259
0.23658964
0.15385714
-0.08750644
0.15329699
0.01594751
0.14945552
0.28254655
0.04671040
0.33755180
0.02568878
-0.00922173
-0.08568253
0.22316086
0.17911611
-0.00664872
0.00932590
-0.08420217
0.14855368
-0.03778470
-0.16145918
-0.17311524
-0.03018067
-0.14794415
0.13557328
0.15768580
0.19124956
0.29002813
-0.24375671
-0.01711434
-0.00604934
0.19657834
0.15273094
-0.14922409
0.13656452
-0.05129679
-0.15155981
-0.16378431
-0.25688255
0.16190767
-0.02267951
0.06719356
-0.04281649
-0.26798576
-0.01096090
0.24089311
0.23397852
-0.14878862
-0.11760753
-0.22032270
-0.23421142
0.22269292
0.02703040
-0.21912737
0.23667288
0.15275514
-0.03114976
0.14676392
0.09543613
-0.14505948
-0.48489285
0.27167669
-0.04031222
-0.22368540
0.16029930
0.07422251
-0.05408833
0.24370131
0.14008990
0.15443411
-0.04188998
-0.34882587
-0.18160115
-0.14402406
-0.22742814
-0.14463779
-0.07431525
0.18689147
-0.15090428
-0.16159964
-0.28039691
-0.34051037
0.21394864
0.23145749
0.26244497
-0.11254332
-0.17800824
-0.13226797
-0.42947373
-0.00893476
-0.15383078
-0.12722187
-0.15429851
-0.43188202
-0.05259980
-0.16642848
0.23292249
-0.30441502
-0.17566946
-0.33646867
-0.24977985
-0.20121132
0.27941379
0.20594676
-0.20854579
-0.13426363
0.04041399
-0.16154969
0.17059508
-0.49146396
0.19175155
0.27785283
-0.25972942
-0.23806611
-0.17930400
0.13487133
0.07112955
-0.10574684
0.25753272
0.01170440
0.08192211
0.16997814
-0.02095776
-0.22698423
-0.38715622
-0.07768347
0.20746729
-0.08699951
-0.02223931
0.22691756
0.12403018
-0.45232308
0.10544280
-0.33728519
-0.00387665
-0.10057838
-0.11684810
-0.09852678
0.21147925
-0.10122409
0.34899223
0.32377106
0.02065410
0.17695802
-0.19120401
-0.19687703
0.12820001
0.10966174
-0.11470672
-0.04667899
-0.31808594
-0.05571773
0.11074287
-0.20568515
-0.08195642
-0.46293822
-0.17877866
-0.36376211
-0.02376711
0.16391759
-0.28423312
0.36150819
-0.08346764
-0.15418120
0.02106288
0.13885899
-0.23190975
-0.44871536
0.02950441
0.03585790
-0.27731654
-0.31283423
-0.08153790
-0.34039736
-0.24662094
-0.10657097
0.07051314
-0.29094747
0.07696682
-0.36510497
-0.17222114
-0.20735078
-0.22319870
-0.15884162
-0.30438134
-0.05293952
-0.22747968
-0.24651553
0.09807707
-0.07901217
-0.13228281
-0.38514024
-0.11337696
0.07474951
-0.38161144
-0.23592828
0.01523140
-0.10692976
0.04270701
-0.30523363
-0.32290137
-0.40463352
0.02787250
0.02135184
-0.19482036
-0.23883961
0.00518311
-0.11205412
-0.06864724
0.23172899
-0.08978639
-0.39025119
-0.05427370
-0.22110976
0.00063215
-0.31933519
0.06016497
-0.25509259
-0.37863654
0.02045139
0.01120479
-0.31893206
-0.24915361
-0.20551755
-0.18578830
-0.10509857
0.05381424
0.15043913
-0.22480132
-0.11822164
-0.38914877
-0.05635746
0.20513169
0.06608921
-0.30531693
0.09633593
-0.14194806
0.19941178
-0.02979863
-0.17675167
-0.09160110
-0.23098931
-0.22364496
-0.12234197
-0.12502339
-0.43454480
-0.06722280
0.00671558
-0.10435724
-0.09649646
-0.06309920
-0.02729686
-0.45842424
-0.20895924
-0.42048296
-0.01800102
0.00910927
0.25027171
0.35019699
0.00608086
0.12615538
0.31347293
0.33295575
0.06842401
0.42071974
0.13110535
0.16358310
0.34521994
0.21936993
-0.16266418
-0.19084260
-0.05463874
-0.03058886
-0.01515246
-0.12905003
-0.28225678
-0.24053364
-0.43395898
-0.26893815
-0.10577580
-0.09724912
-0.46310672
-0.44126970
-0.09672295
-0.46041322
-0.00991087
-0.26222450
-0.44489893
-0.38200235
-0.10277760
-0.39489415
-0.01310879
-0.45442405
-0.10850821
-0.37662438
-0.33905551
-0.17555708
0.12387128
-0.25887337
-0.09487433
-0.27469778
-0.11890011
-0.21047160
-0.14285064
-0.33637708
-0.28912637
-0.08874144
-0.02940775
0.11016489
-0.13122509
-0.34245819
0.19225353
0.27599868
-0.00296874
0.33040473
0.35902169
0.16971149
0.35617840
0.23928820
0.39530772
0.03625883
0.36161816
0.26351491
0.22100554
0.23000979
0.33959791
-0.01430544
-0.00693958
0.22328018
0.22790334
0.35112470
0.23295662
0.09092505
0.42901137
0.34567690
-0.04077722
0.25304085
0.39607379
0.37865996
-0.00854420
0.01517219
0.40643331
0.12393905
0.07259074
0.19687457
0.10110570
0.05313996
0.40802452
0.35439423
0.24899808
0.16728498
0.27693787
0.10426784
-0.16602926
-0.00383216
-0.38829592
-0.15200859
-0.42013374
-0.37902626
-0.12464771
-0.44807965
-0.31400222
-0.40828091
-0.29654777
-0.09004827
-0.12247116
-0.35912672
-0.09004850
-0.33512303
-0.25690728
-0.38477880
-0.37624761
-0.15515432
-0.17260399
-0.41424605
-0.24481401
-0.06576692
-0.20645005
0.03217719
-0.45492697
-0.30072510
0.28037614
0.25561908
0.04445250
0.27652609
0.09804644
0.26399058
0.37527668
0.14901315
-0.00602189
0.43464711
0.41629174
0.17765120
0.02030502
0.20157325
-0.38327685
-0.08701161
-0.26001853
-0.17606328
-0.06125798
-0.33486956
-0.46597773
-0.05450894
-0.29911545
-0.31118107
-0.46864110
-0.42767048
-0.08480501
-0.06450513
-0.20671648
-0.11573405
-0.35537338
-0.01456418
-0.11170300
-0.32746097
-0.43289244
-0.15423298
-0.26454869
-0.25311285
-0.24698718
-0.08719211
-0.16172618
-0.14055881
0.34280246
0.41892797
0.45054173
0.09757676
0.37884614
0.14251371
0.23688319
0.11081074
0.02544667
0.38364118
0.06434692
0.25366533
0.41175845
0.28432164
-0.15184146
-0.33226717
-0.23330610
-0.25239423
-0.27331248
-0.30969587
-0.10449515
-0.07914887
-0.00778061
-0.30234408
-0.45667216
-0.43015873
-0.06842728
-0.05492377
0.11630780
0.26710543
0.47109860
0.34422293
0.20986137
0.04585433
-0.02154943
0.42742819
0.02370444
0.38819462
0.12896557
0.11746792
0.36939493
0.05705329
-0.16863430
0.03028267
-0.17082526
-0.34488043
-0.45240492
0.06828190
0.03581906
0.21743087
-0.40918925
-0.39921099
-0.16087310
-0.26209745
-0.46773422
0.15125309
-0.17973696
0.19892715
-0.40982792
0.47252038
-0.35595512
-0.42346406
-0.19012731
0.18538103
-0.06468640
0.39767334
-0.15277348
-0.23054349
0.37988517
-0.21379617
-0.26471353
0.21016303
-0.26766458
0.35183471
0.05749697
0.20970052
-0.38549513
-0.12629239
-0.10050644
0.31944427
0.41728690
0.04677297
-0.43261787
-0.33499050
0.28738037
0.05709379
-0.42497024
0.32162485
-0.09158207
0.18629891
-0.14743865
0.06427205
-0.09468006
-0.14980665
-0.20698594
0.09602821
0.24240252
0.15122387
-0.12581435
-0.39245361
0.14292452
-0.32547945
-0.10501835
0.03401459
-0.03959614
0.26045594
-0.01532170
0.23841485
-0.32389995
-0.21510544
-0.42838651
0.01920911
0.30336422
-0.05999942
-0.26870406
-0.44102621
-0.05443199
-0.27025983
-0.34446195
0.36617428
-0.17071687
0.31189403
-0.04361251
0.25167039
-0.00936694
-0.36737335
-0.26829046
0.26543161
0.44341508
0.27364013
-0.02386176
-0.45977059
0.25593615
-0.11427124
-0.44049799
0.13275895
0.04143270
0.07473111
0.06052439
0.02826197
-0.07953230
-0.14612997
-0.03357298
0.07777724
0.31994066
0.04077782
-0.24381033
-0.38367501
0.10345484
0.03089164
-0.29706734
0.01574346
0.06385401
0.30678403
-0.19966617
-0.00488345
-0.28944275
-0.07547384
-0.20852323
0.26058728
0.12521182
0.20347035
-0.24591120
-0.39687732
0.13745660
-0.40046901
-0.29074618
0.41594407
-0.00528401
0.32632744
-0.36135215
0.24467203
-0.38606939
-0.22308290
-0.00191628
0.37502369
0.28143165
0.23556261
-0.02091013
-0.27438593
0.34311497
-0.34631300
-0.17050835
0.37253773
-0.38571206
0.44998708
-0.17084591
0.33368006
-0.33872697
-0.21829097
-0.04391663
0.33042175
0.30856273
-0.04891402
-0.22493933
-0.06736040
-0.12661728
-0.21488553
-0.36229581
0.01720369
-0.07986570
0.47991675
-0.45568144
0.04743232
-0.31851768
-0.31156564
0.11017665
0.33180001
0.17037044
0.04204063
-0.31243587
0.03910528
0.46717128
-0.43963227
-0.01960193
0.16919310
-0.10873186
0.29774383
-0.04081893
-0.07536260
-0.23272945
-0.20769444
-0.42562976
0.36644161
0.13324441
0.09817816
-0.40317157
-0.34683403
-0.08959322
-0.13205849
-0.41554117
0.46659982
0.01806334
0.22275403
-0.14102864
-0.13781734
-0.13860929
-0.31847447
-0.19000694
0.09321372
0.43317807
0.26117763
-0.29614431
-0.15989403
-0.03835739
-0.08609321
0.01864590
-0.03746712
-0.28259876
0.25095338
0.03581630
0.12385774
-0.14107738
-0.19461969
-0.43674272
0.11556384
0.02003643
0.12036932
-0.47247234
-0.20574759
0.15944977
-0.21720020
-0.16544646
0.16047432
-0.12248524
0.46798784
-0.46667260
0.17666778
-0.04338877
-0.02040177
0.02338702
0.36005253
0.25506285
0.22108161
-0.01857518
-0.20079131
0.22846177
-0.28737772
-0.22715154
0.19429272
-0.42497566
0.04891363
-0.12761071
0.32974920
-0.23751988
-0.40115583
-0.35006398
0.35001662
0.18866514
0.33998629
-0.35742500
-0.34468111
0.45799783
-0.39106727
0.04082305
-0.06960964
-0.05154053
0.07069452
-0.18545496
-0.19015850
-0.04730785
0.18905415
0.24586757
-0.02034870
0.21944015
-0.05576253
0.18130411
0.07027778
-0.17202307
0.00573000
0.30967528
0.00019739
0.01563117
-0.09969071
0.25939786
0.00976857
-0.08459386
0.28323615
0.21527763
-0.09493273
-0.19788741
0.01858962
-0.15900406
-0.11964691
-0.02850576
-0.08950052
0.14988026
0.05575917
0.17650563
0.20011234
0.16392262
-0.28729188
-0.19363643
0.04108198
0.15885197
-0.17794812
-0.21207844
-0.04466845
-0.20379275
-0.09232154
-0.29140308
0.05683737
0.23077440
-0.08556487
0.05221924
0.15188210
-0.13936286
-0.04528556
0.30124590
0.11316862
0.00350113
-0.01160836
-0.01113357
-0.30368218
-0.06873869
-0.14930446
-0.09985555
-0.05906000
-0.06273209
-0.10131614
0.05483377
0.06458052
-0.00291572
0.29652128
-0.25294176
-0.10630307
-0.00709881
-0.24505015
0.14665854
-0.09047475
-0.14143054
-0.07738179
-0.16041496
-0.04033126
0.01458582
0.24749947
-0.05477359
-0.22567408
-0.11408490
0.30909461
-0.00111727
-0.16428278
-0.07294184
0.30711153
-0.06978159
0.19132045
0.34694076
0.27888948
0.33163020
-0.37394354
0.04274850
-0.22166714
-0.42127225
-0.13104150
-0.03855579
-0.18094662
-0.08462837
0.18930040
-0.04094268
-0.06027061
0.32704988
-0.27410197
-0.31113374
-0.02192608
-0.13254088
-0.23371346
0.08064885
0.03474905
0.05705209
0.21141268
0.38312227
0.12045949
-0.00171814
0.24924196
0.33498710
-0.19280216
-0.46239394
-0.02850396
0.21857071
0.19608666
-0.24723530
-0.04472066
-0.07935999
-0.47321144
-0.30958453
-0.04190896
0.09936671
0.13401376
-0.16386800
0.31278259
0.01620598
0.05693423
0.18441811
0.08798470
0.07514212
-0.01502890
-0.17398529
0.04369803
0.20435731
-0.38792366
-0.01492893
-0.07006922
-0.11483465
-0.17255545
-0.03082656
0.07080948
-0.28308380
-0.12551971
-0.08338504
-0.22615595
-0.23041591
-0.14066589
-0.34548086
-0.05833117
0.18390884
0.03512083
-0.03831851
0.09422375
0.25936639
-0.19454393
-0.07929292
-0.09302922
0.02508555
-0.17874955
-0.16591705
-0.13420580
0.19865023
0.23534562
0.26017189
-0.33565027
0.04536593
-0.00115560
-0.42411986
-0.31773138
-0.05237842
0.09852555
-0.00774191
0.14616299
0.07807057
-0.21940756
0.06579349
0.22694455
0.42955923
0.14898430
-0.04697273
-0.09495404
0.19326678
-0.28130570
0.06651212
-0.08087299
-0.06543969
-0.04737065
0.23069242
-0.03896908
0.37767348
-0.17253208
-0.23848753
0.32513696
0.14622892
0.11316263
-0.07747020
0.13063335
0.27774557
-0.07159472
0.24228910
-0.24615607
0.05235850
-0.02024012
0.04709467
0.23179457
0.34510422
-0.33324370
-0.17522453
-0.09454408
0.21481177
0.03078808
-0.20285860
-0.02239371
0.24573518
0.13314363
0.07906639
0.00079250
0.20919468
-0.12349051
0.01501554
-0.08201309
0.39243177
-0.19685115
-0.45163637
0.03165502
0.03509393
0.42695838
0.21508272
0.02169542
0.20089731
-0.36604336
-0.00791710
-0.35890162
0.26620156
-0.03691505
0.32171330
0.13038844
-0.06354303
-0.15334830
-0.00121449
0.08153869
-0.22276415
-0.26192111
-0.27535048
0.32669783
-0.03479518
-0.12715179
-0.04251792
-0.11191506
0.01772975
0.10252852
0.47528443
0.18536845
0.28968439
-0.27003527
-0.42538723
-0.16421616
0.30903447
0.38094813
0.10111517
0.12984152
0.32077271
-0.03373962
0.00204744
-0.46359310
-0.24666734
0.29146078
-0.13483560
-0.22132032
-0.13136439
0.17938246
0.26623228
0.09434745
-0.16940583
-0.43491700
-0.03970686
-0.08362724
-0.09874216
0.48966700
-0.19749427
0.49404037
-0.03055839
-0.19495888
0.24152225
0.24996461
0.36805582
-0.28597820
-0.49905282
-0.17348617
0.24519813
0.19856966
-0.27468684
-0.03996859
0.05776741
-0.45837885
0.04750996
-0.09008880
0.32628950
-0.02301803
0.01785443
0.34682217
0.46707559
-0.24572077
-0.40330186
-0.06999578
0.09459573
0.23373310
-0.05357580
0.21140426
0.22454983
-0.25122055
0.30426350
-0.49458173
0.32844913
-0.37908876
0.01379369
0.04935922
0.03084231
-0.10821901
-0.29595691
-0.42684776
0.23945990
0.11572266
-0.28212500
0.24262440
0.42397317
-0.21499044
0.06356124
-0.31031224
-0.06186611
0.03468416
-0.18537408
-0.03956766
-0.11740861
0.29990104
0.14803971
0.15944031
-0.21940547
-0.17554185
0.28625882
-0.04131631
-0.19302775
0.47658184
0.03769689
0.37808737
-0.23634598
0.09117284
-0.24708703
-0.20508419
-0.38818288
0.25343099
0.31162924
0.06067971
-0.11540753
-0.38122001
-0.01198380
-0.30263332
-0.36879450
0.20115831
-0.15494561
0.35796472
-0.17196955
0.30009332
0.03976343
-0.38561702
-0.49031797
0.12438688
0.31352648
0.02091303
-0.24338803
-0.43368053
0.23410870
-0.02541097
-0.46047539
0.17511591
-0.09383760
0.07112750
-0.00118442
-0.28258148
0.18062021
0.30268523
0.37818697
-0.41698608
-0.18035886
-0.05818415
0.04985472
0.42574245
-0.19487362
0.04538663
0.17919208
-0.42370903
0.11554378
0.00431352
0.40459445
0.13822494
0.19260043
0.22341691
0.28863698
-0.21415167
0.00534692
-0.16716987
0.23823391
0.26998636
-0.13485612
0.16715039
0.15438062
-0.37126836
-0.05090841
-0.12862022
-0.17121522
0.27380607
-0.04135355
-0.48019192
-0.07114507
0.47186896
0.48751581
0.06420380
-0.14383337
-0.42856079
0.00211640
-0.30090022
-0.02245097
0.37221435
0.01290131
0.31730822
0.03531187
-0.11424565
0.02873494
0.25015253
0.39271194
-0.17991249
-0.28194082
-0.10641519
0.19227734
0.49763685
0.02388243
0.32020226
0.27641773
-0.13796389
0.34727022
-0.17333837
0.25241694
-0.03181825
0.27456385
0.22689885
0.36921895
0.03594349
-0.41495514
-0.20677891
0.43748125
0.33250460
-0.18642083
0.25963154
0.00744804
-0.23804376
0.37262732
-0.26388222
-0.39682865
0.10326643
-0.14637658
-0.15346763
-0.08048703
0.24366918
0.42384291
-0.05220731
-0.09046888
-0.39429069
0.25958622
-0.29776719
-0.23622155
0.38365099
0.01848174
0.16222389
0.18112129
-0.12276301
0.32979542
0.42291531
0.22230485
-0.12447664
-0.33879247
-0.01950773
0.36276531
0.09444346
0.09305212
0.43012393
0.38893670
-0.43197572
0.23384522
-0.14775431
-0.08783861
0.04784494
-0.25625512
-0.16992348
-0.15526192
0.14729416
0.39082038
0.20672199
-0.40552771
-0.19948973
0.10087206
-0.38742757
-0.34270737
0.13243888
-0.44822577
0.02245712
0.54737413
0.25386322
0.40621716
0.32096201
0.55839670
0.65292162
0.46778142
0.46193790
0.24302606
0.64170271
0.53174448
0.60948431
0.14297119
0.32827508
0.19004601
0.19791633
0.04215343
-0.14189775
0.05055077
-0.22889860
-0.31872672
-0.10247204
0.06424276
0.06316564
-0.04914676
0.34153980
-0.16187406
-0.43626827
-0.44677266
-0.33696693
-0.37648788
0.07305333
-0.49750850
0.20346071
-0.64441407
-0.25495604
-0.36844689
0.73979038
0.26476556
0.22815175
-0.34542847
-0.50419456
0.06407983
-0.44206890
-0.60618347
0.41929394
-0.47414234
0.55916709
-1.17464876
1.02020431
-1.06664622
-1.00400984
-0.97550577
1.24707997
1.20246899
1.10711563
-1.16361833
-1.04904532
1.07271600
-1.11534822
-1.10748231
1.00842762
-1.17058468
1.03593874
1.13387918
